;[cosmological_parameters]
;omega_m      =  0.1     0.3     0.9
;h0           =  0.55    0.69    0.91
;omega_b      =  0.03    0.048   0.07
;n_s          =  0.87    0.97    1.07
;A_s          =  0.5e-09 2.19e-9 5.0e-09
;w             = -1.4  -1.0 -0.6
;wa            = -0.4 0.0 0.4

; Old parameter names from original cosmosis version
; omnuh2       =  0.0006  0.00083 0.00644
; massive_nu   =  3
; massless_nu  =  0.046

; New parametrization and names:
;mnu = 0.04638  0.0773   0.10822
;num_massive_neutrinos = 3
;nnu = 3.046

[cosmological_parameters]
omega_m       = 0.192 0.32 0.448
omega_b       = 0.03 0.05 0.07
w             = -1.4  -1.0 -0.6
wa            = -0.4 0.0 0.4
h0            = 0.402 0.67 0.938
n_s           = 0.576 0.96 1.344
sigma8_input  = 0.4896 0.816 1.1424
tau           =  0.058
omega_k = 0.0
;1 massive neutrino of mass 0.06eV
omnuh2     = 0.000645145613
massless_nu   = 2.046
massive_nu    = 1

; dummy - will be overwritten based on sigma8_input
A_s = 2.181866264961206e-9


omega_k      =  0.0
tau          =  0.0697186


;[shear_calibration_parameters]
;m1 =  0.0 
;m2 =  0.0 
;m3 =  0.0 
;m4 =  0.0 

[shear_calibration_parameters]
m1 = -0.1 0.0 0.1 
m2 = -0.1 0.0 0.1 
m3 = -0.1 0.0 0.1 
m4 = -0.1 0.0 0.1 
m5 = -0.1 0.0 0.1 
m6 = -0.1 0.0 0.1 
m7 = -0.1 0.0 0.1 
m8 = -0.1 0.0 0.1 
m9 = -0.1 0.0 0.1 












[wl_photoz_errors]
bias_1 = -0.1 0.0 0.1 
bias_2 = -0.1 0.0 0.1 
bias_3 = -0.1 0.0 0.1 
bias_4 = -0.1 0.0 0.1 
bias_5 = -0.1 0.0 0.1 
bias_6 = -0.1 0.0 0.1 
bias_7 = -0.1 0.0 0.1 
bias_8 = -0.1 0.0 0.1 
bias_9 = -0.1 0.0 0.1 













[lens_photoz_errors]
bias_1 = -0.05 0.0 0.05 
bias_2 = -0.05 0.0 0.05 
bias_3 = -0.05 0.0 0.05 
bias_4 = -0.05 0.0 0.05 
bias_5 = -0.05 0.0 0.05 
bias_6 = -0.05 0.0 0.05 
bias_7 = -0.05 0.0 0.05 
bias_8 = -0.05 0.0 0.05 
bias_9 = -0.05 0.0 0.05 












width_1 =  1.0 
width_2 =  1.0 
width_3 =  1.0 
width_4 =  1.0 
width_5 =  1.0 
width_6 =  1.0 
width_7 =  1.0 
width_8 =  1.0 
width_9 =  1.0 




















[bias_lens]
b1 = 0.4270365018819724 0.7117275031366207 0.9964185043912689 
b2 = 0.5669335952181871 0.9448893253636452 1.3228450555091031 
b3 = 0.7066657395833519 1.1777762326389198 1.6488867256944877 
b4 = 0.8914976899452189 1.4858294832420316 2.080161276538844 
b5 = 1.0301578060485421 1.7169296767475701 2.403701547446598 
b6 = 1.1638590323958045 1.9397650539930076 2.7156710755902105 
b7 = 1.2858069204687685 2.1430115341146143 3.00021614776046 
b8 = 1.3377959149217797 2.2296598582029663 3.1215238014841526 
b9 = 1.3593089793296687 2.265514965549448 3.171720951769227 














[mag_alpha_lens]
alpha_1 = 0.7117275031366207 
alpha_2 = 0.9448893253636452 
alpha_3 = 1.1777762326389198 
alpha_4 = 1.4858294832420316 
alpha_5 = 1.7169296767475701 
alpha_6 = 1.9397650539930076 
alpha_7 = 2.1430115341146143 
alpha_8 = 2.2296598582029663 
alpha_9 = 2.265514965549448 













[intrinsic_alignment_parameters]
z_piv   =  0.62
A1      = -5.0   0.7  5.0
A2      = -5.0  -1.36 5.0 
alpha1  = -5.0  -1.7  5.0
alpha2  = -5.0  -2.5  5.0
bias_ta =  0.0   1.0  2.0