edge_1 = 0.0
edge_10 = 1.9780072037948901
edge_11 = 4.0
edge_2 = 0.30424001843018356
edge_3 = 0.4470169365584658
edge_4 = 0.5790563235085222
edge_5 = 0.7142847222623644
edge_6 = 0.8615158767614158
edge_7 = 1.0308367331216048
edge_8 = 1.2385326146906395
edge_9 = 1.5190230813279184
nbin = 10
nz = 401
