edge_1 = 0.0
edge_2 = 0.4470169365584658
edge_3 = 0.7142847222623644
edge_4 = 1.0308367331216048
edge_5 = 1.5190230813279184
edge_6 = 4.0
nbin = 5
nz = 401
