age = 13.80993564378422
dastar = 13.880332000388185
kd = 0.14077660161312
keq = 0.010416191729472267
nz = 150
rdrag = 147.08512270361481
rs_zdrag = 147.08512270361481
rstar = 144.38623533629172
thetad = 0.16077537886360718
thetaeq = 0.8103273340696779
thetarseq = 0.447914232274697
thetastar = 1.0402217708643693
zdrag = 1059.694290735418
zeq = 3412.88974379622
zstar = 1090.1129999614907
